    0  0.000000E+00  1.204678E+00  6.521335E-01
    1  3.125000E-02  1.204463E+00  6.524657E-01
    2  6.250000E-02  1.204034E+00  6.531285E-01
    3  9.375000E-02  1.203321E+00  6.542289E-01
    4  1.250000E-01  1.202330E+00  6.557612E-01
    5  1.562500E-01  1.201065E+00  6.577169E-01
    6  1.875000E-01  1.199533E+00  6.600857E-01
    7  2.187500E-01  1.197745E+00  6.628550E-01
    8  2.500000E-01  1.195709E+00  6.660102E-01
    9  2.812500E-01  1.193436E+00  6.695352E-01
   10  3.125000E-01  1.190939E+00  6.734122E-01
   11  3.437500E-01  1.188232E+00  6.776217E-01
   12  3.750000E-01  1.185327E+00  6.821435E-01
   13  4.062500E-01  1.182240E+00  6.869558E-01
   14  4.375000E-01  1.178985E+00  6.920364E-01
   15  4.687500E-01  1.175578E+00  6.973622E-01
   16  5.000000E-01  1.172036E+00  7.029094E-01
   17  5.312500E-01  1.168373E+00  7.086541E-01
   18  5.625000E-01  1.164605E+00  7.145721E-01
   19  5.937500E-01  1.160750E+00  7.206389E-01
   20  6.250000E-01  1.156822E+00  7.268301E-01
   21  6.562500E-01  1.152837E+00  7.331214E-01
   22  6.875000E-01  1.148812E+00  7.394883E-01
   23  7.187500E-01  1.144763E+00  7.459068E-01
   24  7.500000E-01  1.140703E+00  7.523528E-01
   25  7.812500E-01  1.136649E+00  7.588022E-01
   26  8.125000E-01  1.132616E+00  7.652310E-01
   27  8.437500E-01  1.128621E+00  7.716146E-01
   28  8.750000E-01  1.124678E+00  7.779279E-01
   29  9.062500E-01  1.120805E+00  7.841445E-01
   30  9.375000E-01  1.117020E+00  7.902356E-01
   31  9.687500E-01  1.113345E+00  7.961696E-01
   32  1.000000E+00  1.109819E+00  8.018856E-01
   33  1.031250E+00  1.106488E+00  8.073156E-01
   34  1.062500E+00  1.103356E+00  8.124519E-01
   35  1.093750E+00  1.100403E+00  8.173215E-01
   36  1.125000E+00  1.097614E+00  8.219447E-01
   37  1.156250E+00  1.094976E+00  8.263396E-01
   38  1.187500E+00  1.092476E+00  8.305227E-01
   39  1.218750E+00  1.090105E+00  8.345091E-01
   40  1.250000E+00  1.087853E+00  8.383123E-01
   41  1.285672E+00  1.085415E+00  8.424454E-01
   42  1.326392E+00  1.082793E+00  8.469125E-01
   43  1.372875E+00  1.079990E+00  8.517118E-01
   44  1.425936E+00  1.077013E+00  8.568352E-01
   45  1.486505E+00  1.073875E+00  8.622673E-01
   46  1.555645E+00  1.070592E+00  8.679852E-01
   47  1.634569E+00  1.067183E+00  8.739582E-01
   48  1.724663E+00  1.063674E+00  8.801482E-01
   49  1.827505E+00  1.060090E+00  8.865105E-01
   50  1.944901E+00  1.056463E+00  8.929947E-01
   51  2.078909E+00  1.052824E+00  8.995463E-01
   52  2.231881E+00  1.049203E+00  9.061085E-01
   53  2.406501E+00  1.045633E+00  9.126241E-01
   54  2.605831E+00  1.042142E+00  9.190375E-01
   55  2.833369E+00  1.038758E+00  9.252967E-01
   56  3.093106E+00  1.035503E+00  9.313547E-01
   57  3.389598E+00  1.032398E+00  9.371708E-01
   58  3.728048E+00  1.029457E+00  9.427115E-01
   59  4.114392E+00  1.026691E+00  9.479511E-01
   60  4.555408E+00  1.024107E+00  9.528714E-01
   61  5.058833E+00  1.021708E+00  9.574617E-01
   62  5.633498E+00  1.019493E+00  9.617180E-01
   63  6.289485E+00  1.017460E+00  9.656423E-01
   64  7.038301E+00  1.015603E+00  9.692415E-01
   65  7.893083E+00  1.013913E+00  9.725268E-01
   66  8.868827E+00  1.012382E+00  9.755124E-01
   67  9.982649E+00  1.011001E+00  9.782149E-01
   68  1.125409E+01  1.009758E+00  9.806523E-01
   69  1.270545E+01  1.008643E+00  9.828435E-01
   70  1.436220E+01  1.007646E+00  9.848075E-01
   71  1.625340E+01  1.006756E+00  9.865634E-01
   72  1.841222E+01  1.005964E+00  9.881295E-01
   73  2.087654E+01  1.005260E+00  9.895234E-01
   74  2.368959E+01  1.004636E+00  9.907617E-01
   75  2.690072E+01  1.004082E+00  9.918600E-01
   76  3.056626E+01  1.003593E+00  9.928327E-01
   77  3.475052E+01  1.003160E+00  9.936930E-01
   78  3.952689E+01  1.002778E+00  9.944530E-01
   79  4.497918E+01  1.002441E+00  9.951237E-01
   80  5.120302E+01  1.002145E+00  9.957152E-01
   81  5.830761E+01  1.001883E+00  9.962363E-01
   82  6.641758E+01  1.001653E+00  9.966951E-01
   83  7.567521E+01  1.001451E+00  9.970988E-01
   84  8.624289E+01  1.001273E+00  9.974539E-01
   85  9.830601E+01  1.001117E+00  9.977660E-01
   86  1.120762E+02  1.000980E+00  9.980402E-01
   87  1.277950E+02  1.000859E+00  9.982810E-01
   88  1.457383E+02  1.000754E+00  9.984925E-01
   89  1.662207E+02  1.000661E+00  9.986781E-01
   90  1.896016E+02  1.000579E+00  9.988411E-01
   91  2.162911E+02  1.000508E+00  9.989840E-01
   92  2.467575E+02  1.000445E+00  9.991094E-01
   93  2.815353E+02  1.000390E+00  9.992194E-01
   94  3.212345E+02  1.000342E+00  9.993158E-01
   95  3.665516E+02  1.000300E+00  9.994004E-01
   96  4.182816E+02  1.000263E+00  9.994745E-01
   97  4.773319E+02  1.000230E+00  9.995395E-01
   98  5.447386E+02  1.000202E+00  9.995965E-01
   99  6.216841E+02  1.000177E+00  9.996464E-01
  100  7.095182E+02  1.000155E+00  9.996902E-01
  101  8.097818E+02  1.000136E+00  9.997285E-01
  102  9.242339E+02  1.000119E+00  9.997621E-01
  103  1.054882E+03  1.000104E+00  9.997916E-01
  104  1.204019E+03  1.000091E+00  9.998174E-01
  105  1.374260E+03  1.000080E+00  9.998400E-01
  106  1.568592E+03  1.000070E+00  9.998598E-01
  107  1.790424E+03  1.000061E+00  9.998772E-01
  108  2.043648E+03  1.000054E+00  9.998924E-01
  109  2.332706E+03  1.000047E+00  9.999058E-01
  110  2.662669E+03  1.000041E+00  9.999174E-01
  111  3.039326E+03  1.000036E+00  9.999277E-01
  112  3.469284E+03  1.000032E+00  9.999366E-01
  113  3.960086E+03  1.000028E+00  9.999445E-01
  114  4.520341E+03  1.000024E+00  9.999514E-01
  115  5.159880E+03  1.000021E+00  9.999574E-01
  116  5.889920E+03  1.000019E+00  9.999627E-01
  117  6.723269E+03  1.000016E+00  9.999673E-01
  118  7.674546E+03  1.000014E+00  9.999714E-01
  119  8.760440E+03  1.000013E+00  9.999749E-01
  120  1.000000E+04  1.000011E+00  9.999780E-01
